0 0.00203725  0.0490655  0.0399536 0.0465108 0.0101316 0.00256388 0.998863
1 0.00203725  0.0490655  0.0399536 0.0465108 0.0101316 0.00256388 0.998863
2 0.00203725  0.0490655  0.0399536 0.0465108 0.0101316 0.00256388 0.998863
3 0.00203725  0.0490655  0.0399536 0.0465108 0.0101316 0.00256388 0.998863
4 0.00203726  0.0490655  0.0399536 0.0465108 0.0101316 0.00256388 0.998863
5 0.00203727  0.0490655  0.0399535 0.0465108 0.0101316 0.00256388 0.998863
6 0.219433 0.482463 0.530197 0.42172 0.479888 -0.592577 0.490625
7 0.00363498  0.0868174  0.0628701 0.106016 0.113839 -0.0293735 0.98739
8 0.349667 0.361184 0.522637 0.480342 0.527875 -0.690544 0.117342
9 -0.0836817   0.154804  0.0990739 0.121919 0.100424 0.0542553 0.985955
10  0.507588 0.0897779  0.377249 0.475278 0.464077 -0.715304 -0.216987
11 -0.0260782   0.326873   0.307018 0.43878 0.432443 -0.45549 0.642646
12   0.454522 -0.0636479   0.202987 0.357556 0.370497 -0.666607 -0.539
13 0.168463 0.337088 0.456961 0.517111 0.479624 -0.600382 0.37696
14  0.155681 -0.079701 0.0136204 0.281274 0.287088 -0.58964 -0.700564
15 0.0940196  0.400519  0.443548 0.518738 0.469633 -0.588716 0.404684
16  0.354939 -0.136576   0.08331 0.434276 0.412129 -0.719113 -0.352746
