0 0.00203725  0.0490655  0.0399536 0.0465108 0.0101316 0.00256388 0.998863
1 0.000789526    0.108728   0.0984743 0.0677362 0.00581178 0.00439101 0.997677
2 0.0389869  0.173089  0.210672 0.13475 -0.0350015 -0.0236661 0.989978
3 0.0441777  0.205964  0.301406 0.177463 -0.063611 -0.0328814 0.981519
4 0.0586128  0.209778   0.38033 0.204327 -0.141431 -0.0701867 0.966086
5 0.0443101  0.193819  0.459399 0.217157 -0.203069 -0.0907169 0.950461
6 0.0443101  0.193819  0.459399 0.217157 -0.203069 -0.0907169 0.950461
7 0.0159112  0.176404  0.556766 0.234721 -0.29883 -0.13652 0.91486
8 0 0 0 1 0 0 0
9 -0.0428424   0.157628   0.635896 0.258337 -0.402828 -0.188307 0.857632
10 0 0 0 1 0 0 0
11 -0.105441  0.138655  0.668624 0.259834 -0.462015 -0.23065 0.815984
12 0 0 0 1 0 0 0
13 -0.169608  0.126505  0.682111 0.24831 -0.50948 -0.24777 0.785737
14 0 0 0 1 0 0 0
15 -0.232997  0.117494  0.693321 0.222331 -0.553187 -0.290308 0.748515
16 0 0 0 1 0 0 0
